253 231 231 231 251 232 255 245 231 250 232 251 231 231 231 253
231   0   0  47 226  75 183 138  72 215  77 226  47   0   0 231
231   0   0 167 255 251  93  55 135 229 139 255 167   0   0 231
231  47 167 225 255  93 236  99   0 199   8 255 225 167  47 231
251 226 255 255 255   8 208  24   0  31   1 255 255 255 226 251
254 249 135 162  39 240   8 108 108 201   8   1   8 139  72 231
231  72 135  37   9   8 243 199 232 211  60  78 218 225  96 236
241 146 135  99 111   5 141  62 151 137 150 128  88 120 109 245
241 146 206  52  87   5 141 123 213 255 155   0  36 129 151 245
250 159 149  88   0 201 199 104 255 255 255   0  68 123 199 255
255 253 251  88   0   8  60 250 108   8 247 208  88 120 183 255
251 226 255 255 255  39  56 255 255 255 255 255 167  21  40 235
231  47 167 225 255 165 124 255 255 187 252 167 110  89 167 247
231   0   0 167 255 139 225 120 200  56 116 114  47  64   0 231
231   0   0  47 226 249  56  74 226 199   6  61  25 131 183 248
253 231 231 231 251 254 231 241 255 255 232 231 231 244 255 255
253 231 231 231 251 232 255 245 231 250 232 251 231 231 231 253
231   0   0  47 226  75 183 138  72 215  77 226  47   0   0 231
231   0   0 167 255 251  93  55 135 229 139 255 167   0   0 231
231  47 167 225 255  93 236  99   0 199   8 255 225 167  47 231
251 226 255 255 255   8 208  24   0  31   1 255 255 255 226 251
254 249 135 162  39 240   8 108 108 201   8   1   8 139  72 231
231  72 135  37   9   8 243 199 232 211  60  78 218 225  96 236
241 146 135  99 111   5 141  62 151 137 150 128  88 120 109 245
241 146 206  52  87   5 141 123 213 255 155   0  36 129 151 245
250 159 149  88   0 201 199 104 255 255 255   0  68 123 199 255
255 253 251  88   0   8  60 250 108   8 247 208  88 120 183 255
251 226 255 255 255  39  56 255 255 255 255 255 167  21  40 235
231  47 167 225 255 165 124 255 255 187 252 167 110  89 167 247
231   0   0 167 255 139 225 120 200  56 116 114  47  64   0 231
231   0   0  47 226 249  56  74 226 199   6  61  25 131 183 248
253 231 231 231 251 254 231 241 255 255 232 231 231 244 255 255
253 231 231 231 251 232 255 245 231 250 232 251 231 231 231 253
231   0   0  47 226  75 183 138  72 215  77 226  47   0   0 231
231   0   0 167 255 251  93  55 135 229 139 255 167   0   0 231
231  47 167 225 255  93 236  99   0 199   8 255 225 167  47 231
251 226 255 255 255   8 208  24   0  31   1 255 255 255 226 251
254 249 135 162  39 240   8 108 108 201   8   1   8 139  72 231
231  72 135  37   9   8 243 199 232 211  60  78 218 225  96 236
241 146 135  99 111   5 141  62 151 137 150 128  88 120 109 245
241 146 206  52  87   5 141 123 213 255 155   0  36 129 151 245
250 159 149  88   0 201 199 104 255 255 255   0  68 123 199 255
255 253 251  88   0   8  60 250 108   8 247 208  88 120 183 255
251 226 255 255 255  39  56 255 255 255 255 255 167  21  40 235
231  47 167 225 255 165 124 255 255 187 252 167 110  89 167 247
231   0   0 167 255 139 225 120 200  56 116 114  47  64   0 231
231   0   0  47 226 249  56  74 226 199   6  61  25 131 183 248
253 231 231 231 251 254 231 241 255 255 232 231 231 244 255 255

253 231 231 231 251 231 236 245 245 255 255 235 247 231 248 255
231   0   0  47 226  72  96 109 151 199 183  40 167   0 183 255
231   0   0 167 255 139 225 120 129 123 120  21  89  64 131 244
231  47 167 225 255   8 218  88  36  68  88 167 110  47  25 231
251 226 255 255 255   1  78 128   0   0 208 255 167 114  61 231
232  77 139   8   1   8  60 150 155 255 247 255 252 116   6 232
250 215 229 199  31 201 211 137 255 255   8 255 187  56 199 255
231  72 135   0   0 108 232 151 213 255 108 255 255 200 226 255
245 138  55  99  24 108 199  62 123 104 250 255 255 120  74 241
255 183  93 236 208   8 243 141 141 199  60  56 124 225  56 231
232  75 251  93   8 240   8   5   5 201   8  39 165 139 249 254
251 226 255 255 255  39   9 111  87   0   0 255 255 255 226 251
231  47 167 225 255 162  37  99  52  88  88 255 225 167  47 231
231   0   0 167 255 135 135 135 206 149 251 255 167   0   0 231
231   0   0  47 226 249  72 146 146 159 253 226  47   0   0 231
253 231 231 231 251 254 231 241 241 250 255 251 231 231 231 253
253 231 231 231 251 231 236 245 245 255 255 235 247 231 248 255
231   0   0  47 226  72  96 109 151 199 183  40 167   0 183 255
231   0   0 167 255 139 225 120 129 123 120  21  89  64 131 244
231  47 167 225 255   8 218  88  36  68  88 167 110  47  25 231
251 226 255 255 255   1  78 128   0   0 208 255 167 114  61 231
232  77 139   8   1   8  60 150 155 255 247 255 252 116   6 232
250 215 229 199  31 201 211 137 255 255   8 255 187  56 199 255
231  72 135   0   0 108 232 151 213 255 108 255 255 200 226 255
245 138  55  99  24 108 199  62 123 104 250 255 255 120  74 241
255 183  93 236 208   8 243 141 141 199  60  56 124 225  56 231
232  75 251  93   8 240   8   5   5 201   8  39 165 139 249 254
251 226 255 255 255  39   9 111  87   0   0 255 255 255 226 251
231  47 167 225 255 162  37  99  52  88  88 255 225 167  47 231
231   0   0 167 255 135 135 135 206 149 251 255 167   0   0 231
231   0   0  47 226 249  72 146 146 159 253 226  47   0   0 231
253 231 231 231 251 254 231 241 241 250 255 251 231 231 231 253
253 231 231 231 251 231 236 245 245 255 255 235 247 231 248 255
231   0   0  47 226  72  96 109 151 199 183  40 167   0 183 255
231   0   0 167 255 139 225 120 129 123 120  21  89  64 131 244
231  47 167 225 255   8 218  88  36  68  88 167 110  47  25 231
251 226 255 255 255   1  78 128   0   0 208 255 167 114  61 231
232  77 139   8   1   8  60 150 155 255 247 255 252 116   6 232
250 215 229 199  31 201 211 137 255 255   8 255 187  56 199 255
231  72 135   0   0 108 232 151 213 255 108 255 255 200 226 255
245 138  55  99  24 108 199  62 123 104 250 255 255 120  74 241
255 183  93 236 208   8 243 141 141 199  60  56 124 225  56 231
232  75 251  93   8 240   8   5   5 201   8  39 165 139 249 254
251 226 255 255 255  39   9 111  87   0   0 255 255 255 226 251
231  47 167 225 255 162  37  99  52  88  88 255 225 167  47 231
231   0   0 167 255 135 135 135 206 149 251 255 167   0   0 231
231   0   0  47 226 249  72 146 146 159 253 226  47   0   0 231
253 231 231 231 251 254 231 241 241 250 255 251 231 231 231 253

254 247 243 240 229 227 243 243 234 233 244 247 232 233 231 253
244 168 158 139  84  41 141 158  85 105 168 197  89  87  73 243
234 101 124  96  96 142 115 143 124 173 146 211 119  73  86 244
245 179 101 127 164 171 196 154 173 128 181 199 120 127  85 243
232  65  25 158 209 185 172 199 156 122  40 224 211 214 213 252
254 201 140  64 148 195  14  77 192 142  18  62  98 158 226 253
249 164  94 102 105 196 164 129 150 169 137  36  85  83 117 247
239 127 144 139 117 109 180 157 114 174  45  82 102  97 123 247
237 100 141 148 166  91 184 140 100 123  43  91 110 103 114 245
239 137 172 161  59  92 162 154 127 166  76  80  65 100 124 246
232 126 177  58  42  56 183 146  82  30 177  52 176 178 222 253
246 196 215 208 239  73  62 109 131 158  31 208 200 210 196 251
232  89 119 120 205  57 179 102 142 191 143 209 119 120  85 243
233  87  73 127 212 115 159 138  91  98 200 215 120  75  87 244
231  73  86  85 200 107 156 134 122 134  63 194  85  87  72 243
253 243 244 243 251 244 248 246 247 248 240 250 243 244 243 254
254 247 243 240 229 227 243 243 234 233 244 247 232 233 231 253
244 168 158 139  84  41 141 158  85 105 168 197  89  87  73 243
234 101 124  96  96 142 115 143 124 173 146 211 119  73  86 244
245 179 101 127 164 171 196 154 173 128 181 199 120 127  85 243
232  65  25 158 209 185 172 199 156 122  40 224 211 214 213 252
254 201 140  64 148 195  14  77 192 142  18  62  98 158 226 253
249 164  94 102 105 196 164 129 150 169 137  36  85  83 117 247
239 127 144 139 117 109 180 157 114 174  45  82 102  97 123 247
237 100 141 148 166  91 184 140 100 123  43  91 110 103 114 245
239 137 172 161  59  92 162 154 127 166  76  80  65 100 124 246
232 126 177  58  42  56 183 146  82  30 177  52 176 178 222 253
246 196 215 208 239  73  62 109 131 158  31 208 200 210 196 251
232  89 119 120 205  57 179 102 142 191 143 209 119 120  85 243
233  87  73 127 212 115 159 138  91  98 200 215 120  75  87 244
231  73  86  85 200 107 156 134 122 134  63 194  85  87  72 243
253 243 244 243 251 244 248 246 247 248 240 250 243 244 243 254
254 247 243 240 229 227 243 243 234 233 244 247 232 233 231 253
244 168 158 139  84  41 141 158  85 105 168 197  89  87  73 243
234 101 124  96  96 142 115 143 124 173 146 211 119  73  86 244
245 179 101 127 164 171 196 154 173 128 181 199 120 127  85 243
232  65  25 158 209 185 172 199 156 122  40 224 211 214 213 252
254 201 140  64 148 195  14  77 192 142  18  62  98 158 226 253
249 164  94 102 105 196 164 129 150 169 137  36  85  83 117 247
239 127 144 139 117 109 180 157 114 174  45  82 102  97 123 247
237 100 141 148 166  91 184 140 100 123  43  91 110 103 114 245
239 137 172 161  59  92 162 154 127 166  76  80  65 100 124 246
232 126 177  58  42  56 183 146  82  30 177  52 176 178 222 253
246 196 215 208 239  73  62 109 131 158  31 208 200 210 196 251
232  89 119 120 205  57 179 102 142 191 143 209 119 120  85 243
233  87  73 127 212 115 159 138  91  98 200 215 120  75  87 244
231  73  86  85 200 107 156 134 122 134  63 194  85  87  72 243
253 243 244 243 251 244 248 246 247 248 240 250 243 244 243 254

253 237 239 238 250 254 244 243 240 242 252 250 238 239 237 253
237  74  87  88 210 229 115 121 119 124 220 201  88  87  74 237
239  87  73 124 212 158  85  97  98  98 173 213 124  73  87 239
238  88 124 120 209  99  83 104 113  69 175 203 120 124  88 238
250 201 213 203 224  62  36  78  91  79  48 209 212 217 199 249
247 167 149 177  49  17 142  51  47  79 170  33 141 199  70 234
239 101 171 133 122 145 167 174 122 164  35 156 193 100 131 246
240  89 122 173 159 193 152 116 102 126  89 129 143  92 121 243
247 160 145 153 199  71 127 159 142 155 145 108 105 135 138 242
246 142 112 196 173  10 167 179 188 162 185  56 184 159 157 246
234  37 139 173 185 201 198 111  85  92  53  75  54 109 109 239
236  83 100 159 211 145 105 118 162  67  42 240 202 211 197 249
244 139 100 120 152  69 102 141 152 163  65 212 120 124  88 238
246 160 126 106  29 139  91 142 138 170 181 217 124  73  87 239
249 171 101 175  73 208 168 131 100 137 122 199  88  87  74 237
254 247 240 248 239 255 251 244 242 243 238 249 238 239 237 253
253 237 239 238 250 254 244 243 240 242 252 250 238 239 237 253
237  74  87  88 210 229 115 121 119 124 220 201  88  87  74 237
239  87  73 124 212 158  85  97  98  98 173 213 124  73  87 239
238  88 124 120 209  99  83 104 113  69 175 203 120 124  88 238
250 201 213 203 224  62  36  78  91  79  48 209 212 217 199 249
247 167 149 177  49  17 142  51  47  79 170  33 141 199  70 234
239 101 171 133 122 145 167 174 122 164  35 156 193 100 131 246
240  89 122 173 159 193 152 116 102 126  89 129 143  92 121 243
247 160 145 153 199  71 127 159 142 155 145 108 105 135 138 242
246 142 112 196 173  10 167 179 188 162 185  56 184 159 157 246
234  37 139 173 185 201 198 111  85  92  53  75  54 109 109 239
236  83 100 159 211 145 105 118 162  67  42 240 202 211 197 249
244 139 100 120 152  69 102 141 152 163  65 212 120 124  88 238
246 160 126 106  29 139  91 142 138 170 181 217 124  73  87 239
249 171 101 175  73 208 168 131 100 137 122 199  88  87  74 237
254 247 240 248 239 255 251 244 242 243 238 249 238 239 237 253
253 237 239 238 250 254 244 243 240 242 252 250 238 239 237 253
237  74  87  88 210 229 115 121 119 124 220 201  88  87  74 237
239  87  73 124 212 158  85  97  98  98 173 213 124  73  87 239
238  88 124 120 209  99  83 104 113  69 175 203 120 124  88 238
250 201 213 203 224  62  36  78  91  79  48 209 212 217 199 249
247 167 149 177  49  17 142  51  47  79 170  33 141 199  70 234
239 101 171 133 122 145 167 174 122 164  35 156 193 100 131 246
240  89 122 173 159 193 152 116 102 126  89 129 143  92 121 243
247 160 145 153 199  71 127 159 142 155 145 108 105 135 138 242
246 142 112 196 173  10 167 179 188 162 185  56 184 159 157 246
234  37 139 173 185 201 198 111  85  92  53  75  54 109 109 239
236  83 100 159 211 145 105 118 162  67  42 240 202 211 197 249
244 139 100 120 152  69 102 141 152 163  65 212 120 124  88 238
246 160 126 106  29 139  91 142 138 170 181 217 124  73  87 239
249 171 101 175  73 208 168 131 100 137 122 199  88  87  74 237
254 247 240 248 239 255 251 244 242 243 238 249 238 239 237 253
